1054 163 5
933 1412 1
1052 1287 0
973 451 1
738 83 5
108 727 2
1140 1150 3
142 1274 5
1370 590 3
108 18 4
135 747 0
777 1270 4
442 1184 5
1537 713 3
1012 98 4
61 1085 1
572 1384 5
595 540 0
313 981 4
566 776 4
1544 308 5
888 1353 1
62 1045 0
1509 799 1
1041 839 5
1568 1446 5
766 1455 1
1276 22 1
645 1248 5
973 1221 1
1165 937 0
445 441 2
961 1049 4
1128 918 1
1141 1274 3
472 776 1
135 92 1
1430 642 2
281 569 3
1309 214 3
1016 1002 3
880 284 0
574 216 0
319 782 1
986 573 5
748 1174 3
735 698 2
1047 382 2
1041 806 1
1140 1552 0
1502 269 4
1041 972 3
947 1225 2
766 411 1
892 125 0
867 299 5
1439 638 4
1500 236 4
245 484 5
958 806 1
898 624 2
458 1368 3
274 1290 4
292 828 5
983 219 0
1566 92 2
1315 197 1
1015 1324 4
1309 638 4
1321 733 5
1043 73 2
255 435 4
490 277 5
1332 1519 2
943 1544 1
756 1035 4
933 719 1
1512 870 1
1326 1174 3
1380 104 0
1518 994 5
384 33 1
370 647 4
287 535 2
933 1461 1
608 1174 3
690 269 4
97 1337 1
638 634 0
1374 1527 5
469 834 3
1046 373 0
1006 1041 3
1566 638 4
1534 92 1
314 1068 3
1540 713 3
998 1174 3
359 648 1
207 1453 1
402 40 0
776 809 4
92 806 1
1027 19 5
1315 577 5
687 494 0
1041 274 5
1237 92 1
736 27 4
455 557 0
871 185 0
1386 1416 2
788 27 2
11 835 5
1409 92 1
173 1088 2
787 1155 4
1123 217 2
1160 1511 4
1305 661 1
1194 776 1
88 913 4
843 924 5
496 819 2
1584 810 5
101 520 2
1422 806 1
522 1355 3
162 369 1
165 979 1
568 424 5
563 150 1
1297 638 4
1077 574 3
933 454 3
1532 983 2
1258 1144 3
7 283 2
1389 270 1
1561 698 5
774 1074 4
120 365 4
1358 1147 1
858 1351 0
1485 627 4
772 1248 2
435 727 3
1251 586 1
183 835 5
804 1050 4
1578 931 4
660 1383 4
13 673 0
278 486 4
1408 887 4
814 1343 5
41 24 1
72 1248 5
820 1327 3
1535 1511 4
1241 1279 5
1422 1545 1
1340 1215 0
315 561 3
864 1571 2
584 241 4
279 1377 1
974 434 2
346 339 0
900 474 5
1156 531 4
1034 877 0
1122 556 3
1232 555 1
320 418 0
929 1105 4
1459 944 0
929 1444 0
182 213 4
958 629 5
890 1108 5
638 196 3
1235 1345 0
92 1511 4
716 1444 0
1146 312 4
852 1077 2
511 1084 0
869 46 4
1518 718 5
1049 1493 0
742 257 5
990 576 2
628 1507 4
25 854 4
1542 795 4
338 685 5
845 1318 5
298 335 2
973 635 1
443 226 1
971 454 1
193 92 1
922 387 5
1007 184 5
1439 1444 0
1396 727 3
319 1035 1
722 331 0
587 564 5
354 394 5
1468 130 3
1262 1231 4
1448 418 0
1190 1508 2
920 1178 4
182 400 0
210 300 3
638 114 5
35 566 4
67 1342 1
265 22 1
1556 775 4
828 565 3
155 236 0
1070 673 3
1141 476 5
248 340 5
736 1178 4
1211 484 2
921 48 4
191 1364 2
1430 2 5
799 40 0
1388 673 3
1539 1331 3
744 481 0
188 822 4
131 71 1
1077 1444 4
1563 404 0
584 439 4
505 1511 4
929 719 4
1394 657 2
628 791 4
889 684 4
206 75 5
1385 1043 4
398 782 4
41 186 4
588 1511 4
1190 534 3
559 775 4
443 541 4
873 534 0
622 216 5
1396 434 4
1198 1564 0
152 1520 3
532 368 4
253 1198 0
181 237 2
1500 1329 3
395 615 0
1086 507 3
1222 606 5
523 1160 4
1156 216 4
1578 248 4
409 787 3
958 1376 5
1372 1369 4
189 1521 5
601 90 4
732 649 5
870 1268 0
1492 1346 0
389 507 2
460 604 5
593 1582 4
1306 1337 2
1174 1280 3
1549 213 5
50 1218 3
1149 108 4
822 323 4
1150 1583 3
479 1101 4
197 155 0
1138 713 5
579 433 4
1494 705 0
911 723 2
1566 776 1
1573 119 5
1150 544 1
386 1544 1
1128 870 2
812 584 5
1198 1490 4
979 756 4
1271 1455 2
374 1027 3
377 1506 0
1507 1462 4
929 105 0
593 1511 4
842 400 0
892 165 0
850 317 3
54 411 0
1198 1128 5
903 916 2
1041 576 5
563 642 0
1315 1545 1
173 41 1
584 767 0
1349 978 4
595 422 0
1018 944 0
358 483 2
21 654 5
706 776 1
736 99 4
136 634 0
1546 638 4
1141 433 4
184 1178 4
702 672 4
776 625 3
641 939 0
1146 198 4
760 1317 3
860 1351 0
27 813 2
310 799 1
1230 780 0
1491 870 4
241 1326 1
1188 1132 0
448 1253 4
334 798 4
188 337 5
591 1372 3
1507 1254 4
977 217 5
467 474 5
865 1481 3
898 1339 2
563 936 5
853 1500 0
1528 1434 4
954 1517 5
1241 1533 4
766 946 3
472 713 5
1511 349 0
998 23 3
1211 1283 4
1017 763 2
322 1387 4
180 1314 5
1441 304 0
499 1445 5
1299 1456 0
859 746 0
1039 1441 5
583 49 4
81 642 0
880 1128 5
1164 1346 5
263 146 0
1277 778 1
1197 1336 1
1069 791 1
1547 1140 4
846 1527 5
771 1175 5
1041 244 3
1166 1522 4
194 1473 3
1126 806 1
1009 597 1
442 1492 5
416 1469 5
92 769 4
674 39 4
1487 1329 3
777 27 4
1309 806 1
517 925 2
934 388 1
371 943 5
105 1113 5
1046 696 0
1278 1553 5
632 507 4
456 893 5
979 1377 1
1192 987 1
268 37 3
126 985 5
461 1106 0
1320 1246 1
1078 1371 2
201 713 5
664 1277 2
61 478 0
593 45 4
56 49 1
1380 118 4
56 1132 0
1093 556 1
1328 166 0
1043 902 2
638 1021 4
231 789 2
167 400 5
929 874 4
188 1181 5
847 97 3
849 1140 2
1375 721 3
530 1344 3
875 1259 1
1468 1392 1
242 325 3
1417 125 0
102 1469 1
1043 51 2
330 1108 5
1041 26 5
443 1417 1
291 1177 0
1468 220 1
1492 672 0
1507 16 4
195 1577 5
1430 1577 5
1343 178 3
163 767 3
85 1075 1
800 1004 3
1198 360 2
1146 107 4
1497 1545 1
1440 920 3
147 1150 0
406 1488 0
736 1376 4
1148 1275 5
739 442 5
1266 486 2
947 1581 2
1315 1174 3
219 872 1
954 321 5
697 1562 4
1254 1465 5
916 1100 1
1132 870 5
979 586 5
1468 177 1
127 1184 5
812 533 2
589 1106 5
1201 1391 1
1196 1570 2
563 607 1
1326 1556 3
1558 1469 4
549 1264 0
1379 642 0
1019 915 5
766 1492 1
393 86 4
1249 158 3
794 544 0
1168 629 4
413 1163 1
735 799 2
452 1023 3
558 826 5
1029 684 0
134 910 4
282 12 2
826 182 4
259 1376 3
1350 1363 5
381 647 4
772 1521 2
699 1004 2
391 1184 5
822 1323 4
100 943 0
1071 92 5
838 1267 5
612 1108 5
717 147 5
65 1108 5
638 375 4
1066 440 3
1176 162 5
690 1250 1
1369 975 4
712 1043 3
435 443 3
1236 213 3
1277 1178 4
144 463 0
1026 1514 1
703 806 1
1127 848 4
209 214 3
5 347 0
867 1028 4
686 117 0
1326 848 3
1142 792 4
1196 1542 2
1304 1377 3
1146 241 4
86 554 1
1052 305 5
126 415 5
683 16 3
889 86 1
1083 1143 3
1356 14 2
1248 1076 5
1087 73 3
183 1374 3
1041 780 5
165 511 5
173 214 3
1351 250 1
998 1403 1
132 1035 1
932 1270 4
221 1201 2
1560 196 3
993 638 4
311 490 5
777 871 4
448 369 1
407 1489 5
895 896 2
1136 151 4
113 1224 0
1329 927 3
1482 1074 0
392 1398 2
488 970 5
1447 1314 5
69 982 1
1399 688 2
245 1482 5
197 426 0
1034 98 0
268 1371 5
598 730 3
989 1507 5
1310 713 3
15 951 2
162 870 2
59 504 3
979 974 1
1457 1429 4
1241 73 3
1532 327 5
1310 1188 0
1328 649 5
40 215 0
695 411 0
93 418 0
1176 1120 5
880 667 3
1207 339 0
405 1245 5
85 701 5
480 41 5
882 1115 3
1012 360 4
223 680 0
223 433 4
57 1376 4
776 970 0
729 48 3
1400 364 1
1468 193 1
1084 825 4
1120 86 5
1369 253 4
1265 1470 3
487 211 3
1418 793 2
1486 948 3
623 303 5
1578 767 3
1041 431 5
89 870 2
1173 955 5
1530 164 1
1505 875 3
1079 553 2
742 1103 5
1094 749 0
1213 520 2
328 787 3
241 1025 1
1237 164 5
884 48 3
1430 914 0
736 269 4
916 1221 0
97 727 3
1062 924 2
442 1314 5
1024 798 4
1119 787 0
177 344 1
1294 465 0
139 983 4
1313 34 4
351 969 0
845 1576 5
1180 442 5
1454 1511 2
1444 718 3
435 766 1
1175 767 3
561 910 4
1141 328 4
1546 569 0
689 1193 2
1146 1547 4
840 1427 0
1209 970 2
1007 1249 5
1423 1550 2
138 972 4
929 1263 4
1534 1195 0
1574 473 3
504 629 4
1252 574 3
333 475 0
633 388 2
129 491 1
17 1427 0
638 767 4
498 24 1
105 1060 5
73 1524 3
156 576 0
1360 647 2
1314 423 0
589 883 3
31 1020 0
1123 1395 0
682 713 5
363 1545 1
899 756 4
889 1284 1
525 64 2
563 448 5
1546 1552 0
239 651 1
1396 204 4
567 692 2
755 115 2
1165 1049 4
851 340 1
1135 957 2
664 1543 3
1044 945 3
1286 1178 4
770 1182 0
979 676 3
1507 1441 4
1550 866 4
1140 828 3
1463 1377 5
1190 105 0
1370 233 4
108 1146 3
577 1561 4
638 993 4
592 776 1
1424 773 4
584 163 5
193 782 1
697 1038 4
1146 651 4
490 750 5
1132 1085 1
732 430 5
1548 767 3
575 951 4
379 604 5
549 1108 5
79 1217 2
1504 1380 5
495 823 4
168 428 2
1099 797 5
1478 767 3
411 1080 0
85 713 5
1443 1476 3
562 246 5
697 1436 4
720 217 2
122 665 3
1140 1329 3
841 767 3
1053 728 1
889 753 1
1198 265 1
760 1058 3
1272 1506 2
1501 78 4
758 805 1
1362 1178 4
908 828 4
842 502 1
347 1030 2
1098 655 0
1213 871 3
1146 86 4
827 1268 0
1042 1560 2
698 437 5
1243 1547 2
1077 1582 4
906 1565 4
1240 326 2
370 1545 1
94 92 1
1468 216 1
1289 1092 1
713 1123 0
1162 388 5
1106 431 2
1212 933 3
1528 690 2
388 164 5
321 153 3
1141 871 3
812 247 2
584 1438 4
971 268 5
879 603 2
130 92 1
109 1444 0
1485 513 1
988 709 2
55 1302 1
495 348 1
1041 754 5
333 1515 0
877 776 2
1402 1102 5
867 1043 4
713 1154 0
76 756 4
1174 435 2
106 835 5
930 501 2
1141 1139 3
131 925 0
29 959 4
515 260 3
1507 671 4
195 1155 4
1030 844 0
289 942 5
886 1134 0
836 297 4
85 141 5
43 577 4
514 297 4
3 1405 2
110 668 2
1352 1545 1
697 1499 4
1208 1302 1
219 323 1
124 1205 0
1311 1293 1
1534 1035 1
1554 648 5
690 383 3
745 38 2
70 1508 4
165 946 0
934 1558 4
271 1065 4
262 1130 5
1079 1091 3
1319 806 1
691 887 4
393 1414 4
928 1476 0
1161 524 4
8 318 2
209 1356 4
227 105 0
1495 468 0
239 1552 0
437 638 5
1411 619 0
745 1471 2
921 5 5
1432 474 2
980 1045 1
48 734 4
776 1109 1
1422 72 0
1430 1327 3
536 870 2
1261 276 0
159 164 0
719 943 5
816 1224 2
1033 1125 4
1241 907 0
1282 177 1
652 871 3
482 801 3
1271 216 1
1537 434 4
1073 1427 0
695 713 5
799 951 3
1544 63 1
1038 644 4
1545 701 1
1508 552 4
745 41 2
122 441 2
464 1140 3
1233 1160 0
594 638 4
1001 232 0
933 1174 3
1255 1250 0
780 1377 5
1191 1179 2
299 234 3
1513 659 0
1041 713 5
1379 768 0
1424 1541 3
799 654 1
512 1544 1
157 715 0
249 1366 0
707 828 4
388 1170 0
811 77 3
1151 1249 3
970 1322 5
1007 328 5
1562 1372 4
1096 1211 4
427 388 2
608 1290 3
1095 256 0
272 44 3
766 938 3
1223 156 4
109 1488 0
1309 1269 3
371 917 5
411 1259 0
633 799 1
1380 1516 0
1073 1183 1
1034 586 1
1150 776 1
392 806 1
745 202 1
841 411 0
1156 418 0
968 1179 3
1091 499 2
42 757 2
997 1299 0
290 630 4
885 1325 0
1055 1462 4
492 1206 4
517 1129 4
109 712 4
1256 570 5
1137 776 5
579 1580 4
84 503 3
1040 474 5
316 894 2
235 1275 5
622 336 5
1176 459 5
362 340 1
342 574 3
252 92 1
638 61 4
1063 238 0
760 771 5
711 466 1
1525 1373 1
441 731 4
536 112 5
776 1545 3
828 787 3
1559 769 4
412 638 4
996 1309 2
390 171 4
1334 472 5
1072 53 2
417 1539 2
875 1367 1
1131 677 0
1413 274 0
970 576 0
380 780 1
320 1108 5
694 599 0
1296 103 1
435 508 1
40 1369 4
1320 826 1
645 630 4
243 128 5
1575 1220 0
1022 638 4
754 526 2
782 529 1
485 940 2
571 1198 0
512 6 3
875 759 5
1171 454 1
1061 642 0
875 1397 0
983 993 0
1084 1450 4
259 726 3
1272 20 2
785 786 0
176 848 4
1301 453 2
324 1049 4
1518 1097 5
1051 1049 4
511 718 3
50 412 0
889 818 4
392 432 2
636 713 5
1563 302 3
331 1067 1
1536 548 5
979 203 0
7 306 2
617 1452 5
517 1444 0
1534 28 1
161 121 1
965 1193 2
1244 1366 0
596 117 0
1377 1346 5
670 611 4
1075 332 3
638 345 4
1555 1411 3
527 1426 0
40 616 4
47 870 2
822 889 4
1159 1387 5
1140 1123 0
1419 315 3
965 1567 3
1511 780 0
724 1351 1
536 1545 1
1480 673 0
1482 1197 5
1128 555 5
1552 442 5
829 1102 1
541 765 4
1198 604 5
341 979 1
1530 411 0
1475 95 0
1547 531 4
1042 678 2
1290 91 4
1159 602 4
470 807 2
1308 600 1
516 626 0
766 1543 3
